datum_latitude: 53.26810042662116
datum_longitude: -0.5244249078498293
